[gd_scene load_steps=9 format=3 uid="uid://dg4328t83xlwk"]

[ext_resource type="Script" uid="uid://dv4sc5elaydum" path="res://7 GUI/Menus/Menu Elements/main_menu_background.gd" id="1_6g1et"]
[ext_resource type="Shader" uid="uid://cjdb02g73oelo" path="res://4 Resources/Shaders/Grad_dither.gdshader" id="1_tlf0w"]
[ext_resource type="Texture2D" uid="uid://gqkomw06bdn7" path="res://8 Assets/HDRIs/ice_planet_close.hdr" id="2_6g1et"]
[ext_resource type="PackedScene" uid="uid://dvgw4u10u65rs" path="res://8 Assets/Props/station.tscn" id="4_e23qn"]

[sub_resource type="ShaderMaterial" id="ShaderMaterial_e23qn"]
shader = ExtResource("1_tlf0w")
shader_parameter/enabled = true
shader_parameter/dithering = true
shader_parameter/colors = 16
shader_parameter/dither_size = 2

[sub_resource type="PanoramaSkyMaterial" id="PanoramaSkyMaterial_xl6ht"]
panorama = ExtResource("2_6g1et")

[sub_resource type="Sky" id="Sky_8f814"]
sky_material = SubResource("PanoramaSkyMaterial_xl6ht")

[sub_resource type="Environment" id="Environment_5da78"]
background_mode = 2
sky = SubResource("Sky_8f814")
ambient_light_source = 2
tonemap_mode = 2
fog_light_color = Color(0.57, 0.343995, 0.2223, 1)
fog_sun_scatter = 0.14
fog_density = 0.2311
volumetric_fog_enabled = true
volumetric_fog_density = 0.08
volumetric_fog_albedo = Color(0.2754, 0.054, 0.3, 1)
volumetric_fog_emission = Color(0.276803, 0.137464, 0.273613, 1)
volumetric_fog_length = 10.0
adjustment_enabled = true

[node name="MainMenu_Background" type="Node3D"]
script = ExtResource("1_6g1et")

[node name="SubViewportContainer" type="SubViewportContainer" parent="."]
material = SubResource("ShaderMaterial_e23qn")
anchors_preset = 15
anchor_right = 1.0
anchor_bottom = 1.0
grow_horizontal = 2
grow_vertical = 2
size_flags_horizontal = 0
stretch = true

[node name="SubViewport" type="SubViewport" parent="SubViewportContainer"]
handle_input_locally = false
size = Vector2i(1280, 720)
render_target_update_mode = 4

[node name="WorldEnvironment" type="WorldEnvironment" parent="SubViewportContainer/SubViewport"]
environment = SubResource("Environment_5da78")

[node name="DirectionalLight3D" type="DirectionalLight3D" parent="SubViewportContainer/SubViewport"]
transform = Transform3D(0.803286, 2.60343e-08, -0.595594, 0.595594, -3.51128e-08, 0.803286, 6.42581e-16, -1, -4.37114e-08, -12.1038, 4.7774, 0)
sky_mode = 1

[node name="Camera3D" type="Camera3D" parent="SubViewportContainer/SubViewport"]
transform = Transform3D(-0.617997, 0, -0.786181, 0, 1, 0, 0.786181, 0, -0.617997, 0, 0, -0.591971)

[node name="Node3D" type="Node3D" parent="SubViewportContainer/SubViewport"]
transform = Transform3D(0.986512, -0.152936, -0.0583455, 0.163688, 0.921715, 0.351637, 0, -0.356445, 0.934317, 0, -4.42266, 0)

[node name="station" parent="SubViewportContainer/SubViewport/Node3D" instance=ExtResource("4_e23qn")]
transform = Transform3D(1, 0, 0, 0, 1, 0, 0, 0, 1, 47.3058, -5.69275, 7.72715)
